----START----
1741010027354,0,0,0,526,0,0,0,0,10,0,10,10,11
1741010027355,0,0,0,526,0,0,0,0,10,0,10,11,12
1741010027358,0,0,0,526,0,0,0,0,10,0,10,12,13
1741010027378,0,0,0,526,0,0,0,0,12,0,10,13,14
1741010027398,0,0,0,526,0,0,0,0,12,0,10,14,15
1741010027418,88726,89088,5,313,0,5,0,0,2,0,10,15,16
1741010027438,88726,0,0,313,0,0,0,0,4,0,4,16,15
1741010027458,88726,0,0,313,0,0,0,0,4,0,4,15,14
1741010027478,88726,88763,1,285,0,1,0,0,4,0,4,14,15
1741010027498,88726,0,0,285,0,0,0,0,4,0,4,15,14
1741010027518,88725,88725,1,260,0,1,0,0,4,0,6,14,13
1741010027538,88725,0,0,260,0,0,0,0,4,0,6,13,12
1741010027558,88725,88797,1,239,0,1,0,0,4,0,6,12,13
1741010027578,88725,0,0,239,0,0,0,0,4,0,6,13,12
1741010027598,88669,88669,1,220,0,1,0,0,4,0,6,12,11
1741010027618,88669,0,0,220,0,0,0,0,6,0,6,11,10
1741010027639,88669,88757,1,204,0,1,0,0,4,0,6,10,11
1741010027658,88669,0,0,204,0,0,0,0,5,0,6,11,10
1741010027678,88669,89138,1,189,0,1,0,0,5,0,6,10,11
1741010027699,88669,0,0,189,0,0,0,0,5,0,6,11,10
1741010027718,88669,88782,1,177,0,1,0,0,5,0,5,10,11
1741010027738,88669,0,0,177,0,0,0,0,5,0,5,11,10
1741010027759,88669,88893,1,166,0,1,0,0,6,0,6,10,11
1741010027778,88669,88731,1,156,0,1,0,0,6,0,6,11,10
1741010027798,88669,89036,1,147,0,1,0,0,4,0,6,10,11
1741010027819,88669,0,0,147,0,0,0,0,6,0,6,11,10
1741010027841,88669,88882,1,140,0,1,0,0,6,0,8,10,9
1741010027858,88669,0,0,140,0,0,0,0,6,0,8,9,8
1741010027878,88669,88858,1,134,0,1,0,0,6,0,8,8,9
1741010027898,88669,88759,1,128,0,1,0,0,5,0,8,9,10
1741010027919,88669,0,0,128,0,0,0,0,7,0,8,10,9
1741010027938,88669,88957,1,123,0,1,0,0,7,0,8,9,8
1741010027958,88669,88913,1,119,0,1,0,0,7,0,7,8,9
1741010027978,88669,88932,1,115,0,1,0,0,6,0,7,9,10
1741010027998,88669,88918,1,112,0,1,1,0,6,0,8,10,9
1741010028018,88669,0,0,112,0,0,1,0,8,0,8,9,8
1741010028038,88669,89013,1,109,0,1,0,0,8,0,8,8,9
1741010028058,88669,88863,1,106,0,1,1,0,8,0,8,9,10
1741010028078,88669,88941,1,104,0,1,1,0,6,0,8,10,11
1741010028098,88669,88798,1,102,0,1,1,0,7,0,8,11,10
1741010028118,88669,0,0,102,0,0,1,0,9,0,8,10,9
1741010028138,88669,88761,1,100,0,1,1,0,9,0,9,9,10
1741010028158,88669,88944,1,99,0,1,1,0,9,0,9,10,11
1741010028178,88669,88924,1,99,0,1,1,0,8,0,11,11,12
1741010028198,88669,88841,1,97,1,1,1,0,8,0,11,12,13
1741010028218,88669,88939,1,96,1,1,1,0,9,0,11,13,14
1741010028238,88669,88857,1,95,1,1,1,0,9,0,11,14,15
1741010028258,88669,88700,1,94,1,1,1,0,11,0,11,15,16
1741010028278,88669,88740,1,94,1,1,2,0,11,0,13,16,17
1741010028299,88669,88860,1,93,1,1,2,0,13,0,15,17,18
1741010028318,88669,88701,1,93,1,1,2,0,15,0,16,18,19
1741010028338,88669,88889,1,93,1,1,2,0,17,0,17,19,20
1741010028359,88669,88977,2,92,1,2,2,0,17,0,17,20,21
1741010028378,88641,88641,1,91,1,1,2,0,19,0,19,21,22
1741010028398,88641,88828,2,91,1,2,2,0,20,0,20,22,23
1741010028418,88641,88741,2,91,1,2,3,0,21,0,22,23,24
1741010028438,88641,88780,2,90,2,2,3,0,21,0,23,24,25
1741010028458,88609,88655,2,90,2,2,3,0,23,0,23,25,26
1741010028478,88609,88731,3,89,2,3,3,0,24,0,25,26,27
1741010028498,88609,88821,2,89,2,2,3,0,26,0,26,27,28
1741010028518,88609,88671,3,89,2,3,3,0,26,0,28,28,29
1741010028538,88514,88698,3,89,2,3,3,0,26,0,28,29,30
1741010028558,88514,88761,3,88,2,3,4,0,28,0,30,30,31
1741010028578,88514,88700,3,88,3,3,4,0,30,0,30,31,32
1741010028598,88514,88649,3,88,3,3,4,0,30,0,32,32,33
1741010028618,88514,88541,3,88,3,3,4,0,32,0,32,33,34
1741010028638,88514,88613,3,88,3,3,4,0,34,0,34,34,35
1741010028658,88514,88581,4,88,3,4,4,0,34,0,34,35,36
1741010028678,88514,88577,4,88,3,4,4,0,34,0,36,36,37
1741010028698,88414,88455,3,88,4,3,5,0,36,0,36,37,38
1741010028718,88414,88492,4,88,4,4,5,0,38,0,38,38,39
1741010028738,88414,88516,4,88,4,4,5,0,38,0,38,39,40
1741010028758,88414,88523,4,88,4,4,5,0,40,0,40,40,41
1741010028779,88414,88541,5,88,4,5,5,0,40,0,40,41,43
1741010028798,88414,88524,4,88,4,4,5,0,42,0,40,43,45
1741010028819,88414,88539,4,88,4,4,6,0,44,0,40,45,47
1741010028838,88414,88603,5,88,4,5,6,0,44,0,40,47,49
1741010028858,88414,88581,5,88,5,5,6,0,46,0,40,49,51
1741010028878,88414,88637,5,88,5,5,6,0,48,0,50,51,53
1741010028898,88414,88600,5,88,5,5,7,0,50,0,52,53,55
1741010028918,88414,88655,5,88,5,5,7,0,53,0,54,55,57
1741010028938,88414,88596,6,88,5,6,7,0,55,0,55,57,59
1741010028958,88414,88550,5,88,6,5,7,0,57,0,57,59,61
1741010028978,88414,88507,7,88,6,7,8,0,58,0,60,61,63
1741010028998,88414,88462,6,88,6,6,8,0,60,0,62,63,65
1741010029018,88357,88436,7,88,6,7,8,0,63,0,65,65,67
1741010029038,88357,88433,7,88,7,7,9,0,64,0,67,67,69
1741010029058,88357,88461,7,88,7,7,9,0,66,0,67,69,71
1741010029078,88357,88557,7,88,7,7,9,0,71,0,71,71,73
1741010029098,88357,88497,8,88,8,8,9,0,72,0,71,73,75
1741010029118,88357,88486,7,88,8,7,10,0,74,0,71,75,77
1741010029138,88357,88488,9,88,8,9,10,0,75,0,77,77,79
1741010029158,88357,88445,8,88,8,8,10,0,78,0,77,79,81
1741010029178,88354,88455,8,88,9,8,10,0,80,0,77,81,84
1741010029198,88329,88430,10,88,9,10,11,0,82,0,84,84,87
1741010029218,88313,88525,8,88,9,8,11,0,86,0,84,87,90
1741010029238,88313,88616,9,88,9,9,12,0,88,0,84,90,93
1741010029258,88313,88658,9,88,10,9,12,0,92,0,84,93,96
1741010029278,88313,88689,10,88,10,10,12,0,93,0,84,96,99
1741010029298,88313,88653,10,88,10,10,13,0,98,0,98,99,102
1741010029318,88313,88585,11,88,11,11,13,0,99,0,101,102,105
1741010029338,88313,88614,10,88,11,10,14,0,102,0,104,105,108
1741010029358,88313,88628,11,88,11,11,14,0,105,0,107,108,111
1741010029379,88313,88543,12,88,12,12,15,0,108,0,110,111,114
1741010029399,88313,88539,12,88,12,12,15,0,111,0,113,114,117
1741010029419,88313,88544,11,88,13,11,15,0,116,0,116,117,120
1741010029438,88313,88568,13,88,13,13,16,0,117,0,119,120,123
1741010029458,88313,88572,13,88,13,13,16,0,121,0,123,123,127
1741010029478,88313,88584,14,88,14,14,17,0,124,0,123,127,131
1741010029498,88313,88527,13,88,14,13,17,0,129,0,123,131,135
1741010029519,88313,88471,13,88,15,13,18,0,133,0,123,135,139
1741010029538,88313,88474,15,88,15,15,18,0,135,0,123,139,143
1741010029558,88313,88486,15,88,15,15,19,0,139,0,141,143,147
1741010029578,88313,88522,14,88,16,14,19,0,145,0,146,147,151
1741010029598,88313,88526,16,88,16,16,20,0,148,0,150,151,155
1741010029618,88313,88512,15,88,17,15,21,0,154,0,154,155,159
1741010029638,88313,88537,17,88,17,17,21,0,157,0,157,159,163
1741010029658,88313,88509,18,88,18,18,22,0,161,0,163,163,168
1741010029678,88313,88546,17,88,18,17,22,0,166,0,163,168,173
1741010029698,88313,88497,18,88,19,18,23,0,170,0,163,173,178
1741010029718,88313,88496,18,88,20,18,24,0,176,0,163,178,183
1741010029738,88313,88436,20,88,20,20,24,0,180,0,163,183,188
1741010029758,88313,88459,19,88,21,19,25,0,184,0,187,188,193
1741010029778,88313,88484,19,88,21,19,26,0,190,0,192,193,198
1741010029798,88289,88518,21,88,22,21,26,0,196,0,197,198,203
1741010029818,88289,88544,21,88,22,21,27,0,201,0,201,203,209
1741010029838,88289,88508,21,88,23,21,28,0,207,0,203,209,215
1741010029858,88289,88467,22,88,24,22,29,0,213,0,203,215,221
1741010029878,88289,88476,23,88,24,23,29,0,217,0,203,221,227
1741010029898,88289,88449,22,88,25,22,30,0,225,0,203,227,233
1741010029918,88289,88458,26,88,26,26,31,0,229,0,231,233,239
1741010029938,88289,88449,24,88,27,24,32,0,237,0,238,239,245
1741010029958,88242,88442,25,88,27,25,33,0,243,0,243,245,252
1741010029978,88242,88417,26,88,28,26,34,0,248,0,249,252,259
1741010029998,88242,88402,27,88,29,27,35,0,256,0,256,259,266
1741010030018,88242,88400,27,88,30,27,36,0,263,0,265,266,273
1741010030038,88242,88407,28,88,30,28,37,0,271,0,273,273,280
1741010030058,88242,88452,28,88,31,28,37,0,277,0,273,280,287
1741010030078,88242,88473,31,88,32,31,38,0,285,0,287,287,295
1741010030098,88242,88464,25,88,33,25,40,0,294,0,287,295,303
1741010030118,88242,88408,21,88,34,21,41,0,300,0,287,303,311
1741010030138,88242,88479,22,88,35,22,42,0,309,0,287,311,319
1741010030158,88242,88418,22,88,36,22,43,0,315,0,287,319,327
1741010030178,88242,88433,23,88,37,23,44,0,324,0,324,327,336
1741010030199,88242,88458,23,88,38,23,45,0,333,0,333,336,345
1741010030218,88242,88538,24,88,39,24,46,0,342,0,336,345,354
1741010030239,88242,88615,25,88,40,25,47,0,352,0,354,354,363
1741010030258,88242,88634,25,88,41,25,49,0,359,0,354,363,373
1741010030279,88242,88641,26,88,42,26,50,0,367,0,363,373,383
1741010030298,88242,88710,26,88,43,26,51,0,379,0,363,383,393
1741010030319,88242,88742,25,88,44,25,53,0,385,0,363,393,403
1741010030338,88242,88664,21,88,45,21,54,0,397,0,363,403,414
1741010030359,88242,88649,22,88,47,22,56,0,409,0,410,414,425
1741010030378,88242,88646,22,88,48,22,57,0,417,0,421,425,436
1741010030398,88242,88531,22,88,49,22,59,0,430,0,434,436,447
1741010030418,88242,88514,23,88,50,23,60,0,442,0,446,447,459
1741010030438,88242,88444,25,88,52,25,62,0,453,0,457,459,471
1741010030458,88242,88398,24,88,53,24,63,0,465,0,469,471,483
1741010030478,88242,88405,25,88,54,25,65,0,477,0,481,483,495
1741010030498,88242,88394,23,88,56,23,67,0,490,0,493,495,508
1741010030518,88242,88435,21,88,58,21,68,0,505,0,495,508,521
1741010030538,88242,88408,22,88,59,22,70,0,515,0,495,521,534
1741010030558,88242,88370,22,88,61,22,72,0,528,0,495,534,548
1741010030578,88242,88455,23,88,62,23,74,0,542,0,534,548,562
1741010030598,88242,88410,24,88,64,24,76,0,557,0,562,562,576
1741010030618,88242,88474,24,88,65,24,78,0,572,0,562,576,590
1741010030638,88242,88457,23,88,67,23,80,0,585,0,562,590,605
1741010030658,88242,88498,23,88,69,23,82,0,597,0,600,605,620
1741010030678,88242,88458,22,88,71,22,84,0,616,0,620,620,635
1741010030698,88242,88492,24,88,73,24,86,0,630,0,629,635,651
1741010030718,88242,88459,24,88,74,24,88,0,647,0,629,651,667
1741010030738,88242,88522,26,88,76,26,90,0,659,0,667,667,683
1741010030758,88242,88474,24,88,78,24,92,0,675,0,667,683,700
1741010030778,88242,88462,23,88,80,23,94,0,692,0,693,700,717
1741010030798,88242,88459,23,88,82,23,97,0,710,0,717,717,734
1741010030818,88242,88460,24,88,84,24,99,0,730,0,728,734,752
1741010030838,88242,88514,24,88,86,24,101,0,746,0,752,752,770
1741010030858,88242,88455,25,88,88,25,104,0,757,0,752,770,788
1741010030878,88242,88539,21,88,91,21,106,0,783,0,783,788,807
1741010030898,88242,88854,22,88,92,22,108,0,805,0,804,807,826
1741010030919,88242,89626,22,89,94,22,110,0,821,0,821,826,843
1741010030938,88242,90881,23,91,95,23,110,0,838,0,837,843,853
1741010030958,88242,92481,21,92,95,21,110,0,846,0,846,853,852
1741010030978,88242,94520,19,94,95,19,107,0,846,0,846,852,844
1741010030998,88242,96770,19,97,95,19,104,0,841,0,842,844,834
1741010031018,88242,99156,18,99,95,18,100,0,827,0,828,834,821
1741010031038,88242,101123,18,101,95,18,97,0,816,0,817,821,807
1741010031058,88242,102542,18,102,95,18,94,0,807,0,807,807,793
1741010031078,88242,102625,19,102,95,19,92,0,781,0,793,793,779
1741010031098,88242,102063,21,102,95,21,91,0,777,0,779,779,765
1741010031118,88242,100838,22,100,95,22,91,0,762,0,760,765,754
1741010031139,88242,99134,22,99,93,22,91,0,747,0,754,754,743
1741010031158,88242,96938,25,96,90,25,92,0,734,0,737,743,729
1741010031180,88242,95573,21,95,88,21,91,0,727,0,727,729,715
1741010031199,88242,92960,17,93,87,17,92,0,637,0,727,715,704
1741010031218,88242,91460,25,91,87,25,92,0,637,0,727,704,693
1741010031238,88242,90434,26,90,87,26,92,0,627,0,727,693,699
1741010031258,88242,89524,19,89,88,19,93,0,668,0,727,699,709
1741010031278,88242,88787,6,89,76,6,93,89776,692,52,692,630,643
1741010031298,88242,88846,13,89,72,13,111,0,843,62,834,633,634
1741010031318,88242,88937,12,89,73,12,132,0,1000,62,994,634,620
1741010031338,88242,88947,12,89,73,12,152,0,1157,62,1157,634,618
1741010031358,88000,88700,12,89,76,12,169,0,1268,41,1268,638,622
1741010031378,88000,88618,20,88,81,20,96,0,652,0,1261,709,691
1741010031398,86876,88052,21,88,81,21,93,0,647,0,1261,691,674
1741010031418,86876,88889,21,88,81,21,90,0,651,0,1261,674,657
1741010031438,86876,88631,18,89,82,18,88,0,636,0,1261,657,641
1741010031458,86876,89090,16,88,83,16,86,0,635,0,641,641,657
1741010031478,86876,89342,23,89,79,23,84,11584,613,0,641,627,643
1741010031498,86876,89060,25,88,84,25,86,0,595,0,641,643,659
1741010031518,86876,88497,25,88,84,25,89,0,592,0,641,659,675
1741010031538,86876,88510,15,88,83,15,91,0,654,0,641,675,689
1741010031558,86876,88431,21,88,82,21,93,0,682,0,689,689,702
1741010031578,86876,88427,22,88,80,22,95,0,701,0,702,702,709
1741010031598,86876,88410,24,88,78,24,96,0,708,0,702,709,707
1741010031618,86876,88435,24,88,78,24,95,0,700,0,700,707,699
1741010031638,86876,88401,25,88,84,25,94,0,697,0,699,699,695
1741010031658,86876,88414,24,88,89,24,94,0,687,0,695,695,702
1741010031678,86876,88479,22,88,91,21,95,0,691,0,695,702,711
1741010031698,86876,88638,19,88,92,20,96,0,704,0,704,711,720
1741010031718,86876,88609,23,88,91,23,97,0,713,0,713,720,730
1741010031738,86876,88580,24,88,90,24,98,0,724,0,723,730,738
1741010031758,86876,88612,24,88,90,24,99,0,728,0,733,738,744
1741010031778,86876,88579,21,88,90,21,100,0,741,0,741,744,746
1741010031798,86876,88747,22,88,92,22,100,0,741,0,741,746,748
1741010031818,86876,88827,22,88,93,22,100,0,744,0,744,748,750
1741010031838,86876,88959,22,89,94,22,101,0,749,0,749,750,755
1741010031858,86876,89806,22,89,94,22,100,0,749,0,749,755,758
1741010031879,86876,90456,22,90,94,22,100,0,752,0,752,758,760
1741010031898,86876,90158,22,90,95,21,101,0,749,0,757,760,765
1741010031918,86876,90356,22,90,95,23,101,0,765,0,765,765,768
1741010031938,86876,90767,22,90,95,22,101,0,765,0,765,768,769
1741010031958,86876,91161,21,91,95,21,101,0,765,0,765,769,766
1741010031978,86876,91685,23,91,95,23,100,0,765,0,765,766,764
1741010031998,86876,92191,22,92,95,22,99,0,757,0,760,764,762
1741010032018,86876,92839,21,92,95,21,98,0,757,0,757,762,759
1741010032038,86876,92842,22,92,95,22,98,0,757,0,752,759,758
1741010032058,86876,92841,23,92,95,23,97,0,752,0,752,758,756
1741010032078,86876,92554,21,92,95,21,98,0,749,0,749,756,753
1741010032098,86876,91769,22,91,94,22,98,0,749,0,749,753,750
1741010032118,86876,91668,23,91,94,23,98,0,744,0,744,750,747
1741010032138,86876,91587,21,91,94,21,97,0,741,0,741,747,744
1741010032158,86876,91251,23,91,93,23,98,0,741,0,744,744,742
1741010032178,86876,90856,22,90,94,22,97,0,736,0,736,742,743
1741010032198,86876,90767,21,90,94,21,98,0,741,0,736,743,742
1741010032218,86876,90273,23,90,94,23,98,0,736,0,736,742,744
1741010032238,86876,90135,21,90,93,21,98,0,744,0,744,744,745
1741010032258,86876,89952,22,89,94,22,99,0,741,0,741,745,748
1741010032278,86876,89574,22,89,93,22,100,0,744,0,744,748,750
1741010032298,86876,89467,23,89,94,23,100,0,736,0,744,750,753
1741010032318,86876,89548,21,89,95,21,100,0,749,0,749,753,755
1741010032338,86876,89796,22,89,95,22,100,0,749,0,749,755,760
1741010032358,86876,89890,23,89,95,23,101,0,757,0,760,760,764
1741010032378,86876,90138,21,90,95,21,101,0,757,0,757,764,768
1741010032398,86876,90594,22,90,95,22,101,0,765,0,765,768,769
1741010032418,86876,90897,23,90,95,23,101,0,765,0,765,769,770
1741010032438,86876,91171,21,91,95,21,101,0,765,0,765,770,769
1741010032458,86876,91760,22,91,95,22,100,0,765,0,765,769,767
1741010032478,86876,92032,23,92,95,23,99,0,765,0,765,767,765
1741010032498,86876,92620,21,92,95,21,99,0,765,0,765,765,763
1741010032518,86876,92787,22,92,95,22,98,0,757,0,757,763,760
1741010032538,86876,92798,22,92,95,22,98,0,760,0,760,760,757
1741010032558,86876,92778,22,92,95,22,97,0,757,0,757,757,754
1741010032578,86876,92775,22,92,95,22,97,0,749,0,749,754,751
1741010032598,86876,92538,22,92,95,22,97,0,744,0,744,751,748
1741010032618,86876,91764,22,91,94,22,97,0,741,0,741,748,746
1741010032638,86876,91716,22,91,94,22,97,0,744,0,744,746,744
1741010032659,86876,91291,23,91,94,22,97,0,736,0,744,744,742
1741010032678,86876,90664,21,90,93,22,98,0,741,0,736,742,740
1741010032698,86876,90136,22,90,93,22,98,0,736,0,736,740,742
1741010032718,86876,90022,22,90,93,22,98,0,736,0,736,742,741
1741010032738,86876,89988,22,89,93,22,98,0,741,0,741,741,742
1741010032758,86876,90257,22,90,94,22,98,0,736,0,736,742,744
1741010032778,86876,89744,22,89,94,22,99,0,744,0,744,744,748
1741010032798,86876,89612,22,89,94,22,100,0,741,0,741,748,753
1741010032818,86876,89806,22,89,94,22,100,0,749,0,752,753,755
1741010032838,86876,89659,22,89,94,22,101,0,752,0,749,755,758
1741010032858,86876,89538,22,89,95,22,101,0,757,0,757,758,762
1741010032878,86876,89954,22,89,95,22,101,0,757,0,757,762,765
1741010032898,86876,90186,22,90,95,22,101,0,765,0,765,765,766
1741010032918,86876,90937,22,90,95,22,101,0,765,0,765,766,767
1741010032938,86876,91144,22,91,95,22,100,0,765,0,765,767,766
1741010032958,86876,91704,22,91,95,22,100,0,765,0,765,766,765
1741010032978,86876,92028,22,92,95,22,99,0,765,0,765,765,763
1741010032998,86876,92743,22,92,95,22,98,0,757,0,757,763,760
1741010033018,86876,92632,22,92,95,22,98,0,760,0,760,760,758
1741010033038,86876,92687,22,92,95,22,98,0,757,0,752,758,756
1741010033058,86876,92703,22,92,95,22,97,0,749,0,752,756,753
1741010033078,86876,92433,22,92,95,22,98,0,752,0,749,753,750
1741010033098,86876,91720,22,91,94,22,98,0,749,0,744,750,748
1741010033118,86876,91698,22,91,94,22,97,0,744,0,744,748,745
1741010033138,86876,91236,22,91,94,22,98,0,744,0,741,745,742
1741010033158,86876,90810,22,90,93,22,98,0,741,0,736,742,740
1741010033178,86876,90746,22,90,94,22,97,0,736,0,736,740,739
1741010033198,86876,90257,22,90,94,22,98,0,736,0,733,739,740
1741010033218,86876,90054,22,90,93,22,98,0,733,0,736,740,742
1741010033238,86876,89791,22,89,94,22,99,0,736,0,736,742,745
1741010033258,86876,89344,22,89,93,22,100,0,744,0,741,745,749
1741010033278,86876,89047,22,89,94,22,100,0,749,0,749,749,754
1741010033299,86876,89081,22,89,94,22,101,0,749,0,752,754,757
1741010033318,86876,89219,22,89,94,22,101,0,752,0,752,757,759
1741010033338,86876,89715,22,89,95,22,101,0,757,0,757,759,762
1741010033358,86876,90210,22,90,95,22,101,0,757,0,757,762,765
1741010033378,86876,90701,22,90,95,22,101,0,765,0,765,765,767
1741010033398,86876,91101,22,91,95,22,100,0,765,0,765,767,769
1741010033418,86876,91504,22,91,95,22,100,0,765,0,765,769,767
1741010033438,86876,91592,22,91,95,22,100,0,765,0,765,767,765
1741010033458,86876,92085,22,92,95,22,99,0,765,0,765,765,762
1741010033478,86876,92695,22,92,95,22,98,0,757,0,757,762,759
1741010033498,86876,92633,22,92,95,22,98,0,752,0,752,759,757
1741010033518,86876,92662,22,92,95,22,97,0,757,0,757,757,756
1741010033538,86876,92790,22,92,95,22,97,0,749,0,752,756,754
1741010033558,86876,92568,22,92,95,22,98,0,752,0,749,754,750
1741010033578,86876,91889,22,91,94,22,97,0,741,0,744,750,749
1741010033598,86876,91707,22,91,94,22,97,0,744,0,744,749,746
1741010033618,86876,91363,21,91,94,21,98,0,741,0,741,746,744
1741010033638,86876,90832,23,90,93,23,98,0,741,0,741,744,742
1741010033658,86876,90733,22,90,94,22,98,0,736,0,736,742,741
1741010033678,86876,90301,22,90,94,22,98,0,736,0,736,741,740
1741010033698,86876,90155,22,90,94,22,98,0,733,0,736,740,743
1741010033718,86876,89887,22,89,94,22,99,0,736,0,736,743,746
1741010033738,86876,89584,22,89,94,22,100,0,744,0,741,746,750
1741010033758,86876,89393,22,89,94,22,100,0,749,0,744,750,754
1741010033778,86876,89240,22,89,94,22,101,0,749,0,752,754,758
1741010033798,86876,89206,22,89,94,22,101,0,752,0,752,758,761
1741010033818,86876,89675,22,89,95,22,101,0,757,0,757,761,763
1741010033838,86876,90162,22,90,95,22,101,0,757,0,757,763,766
1741010033858,86876,90700,22,90,95,22,101,0,765,0,765,766,768
1741010033878,86876,91071,22,91,95,22,100,0,765,0,765,768,770
1741010033898,86876,91546,22,91,95,22,100,0,765,0,765,770,768
1741010033918,86876,91731,22,91,95,22,100,0,765,0,765,768,766
1741010033938,86876,91948,22,92,95,22,99,0,765,0,765,766,764
1741010033958,86876,92628,22,92,95,22,98,0,757,0,757,764,761
1741010033978,86876,92691,22,92,95,22,98,0,760,0,757,761,758
1741010033998,86876,92784,22,92,95,22,98,0,757,0,757,758,756
1741010034018,86876,92663,22,92,95,22,97,0,749,0,749,756,754
1741010034038,86876,92362,22,92,95,22,98,0,752,0,749,754,751
1741010034058,86876,91747,22,91,94,22,98,0,749,0,744,751,749
1741010034078,86876,91651,22,91,94,22,98,0,744,0,744,749,746
1741010034098,86876,91216,22,91,94,22,98,0,744,0,741,746,743
1741010034118,86876,90784,22,90,93,22,98,0,741,0,736,743,741
1741010034138,86876,90737,22,90,94,22,98,0,736,0,736,741,742
1741010034158,86876,90462,22,90,94,22,98,0,736,0,736,742,741
1741010034178,86876,90184,22,90,94,22,98,0,741,0,741,741,743
1741010034198,86876,89764,22,89,94,22,99,0,736,0,736,743,747
1741010034218,86876,89432,22,89,94,22,100,0,744,0,741,747,750
1741010034238,86876,89534,22,89,94,22,100,0,749,0,744,750,753
1741010034258,86876,89543,22,89,94,22,100,0,749,0,749,753,755
1741010034278,86876,89455,22,89,95,22,101,0,752,0,749,755,759
1741010034298,86876,89607,22,89,95,22,101,0,757,0,757,759,763
1741010034318,86876,89990,21,90,95,21,101,0,757,0,757,763,766
1741010034338,86876,90594,22,90,95,22,101,0,765,0,765,766,767
1741010034358,86876,90781,22,90,95,22,101,0,765,0,765,767,769
1741010034378,86876,91093,22,91,95,22,101,0,765,0,765,769,770
1741010034398,86876,91558,22,91,95,22,100,0,765,0,765,770,768
1741010034418,86876,91911,22,92,95,22,100,0,765,0,765,768,765
1741010034438,86876,92593,22,92,95,22,99,0,765,0,765,765,763
1741010034458,86876,92624,22,92,95,22,98,0,760,0,757,763,761
1741010034478,86876,92685,22,92,95,22,98,0,757,0,757,761,759
1741010034498,86876,92761,22,92,95,22,98,0,757,0,752,759,756
1741010034518,86876,92715,22,92,95,22,97,0,752,0,749,756,753
1741010034538,86876,92424,22,92,95,22,98,0,749,0,749,753,750
1741010034558,86876,91784,22,91,94,22,98,0,749,0,744,750,748
1741010034578,86876,91631,22,91,94,22,98,0,744,0,741,748,745
1741010034598,86876,91230,22,91,94,22,98,0,741,0,741,745,742
1741010034618,86876,90793,22,90,93,22,98,0,736,0,736,742,740
1741010034638,86876,90629,22,90,94,22,98,0,736,0,736,740,741
1741010034658,86876,90127,22,89,93,22,98,0,741,0,741,741,743
1741010034678,86876,89824,22,89,93,22,99,0,736,0,736,743,745
1741010034698,86876,89492,23,89,94,23,100,0,744,0,744,745,747
1741010034718,86876,89083,21,89,93,21,100,0,741,0,741,747,751
1741010034738,86876,89045,22,89,94,22,101,0,749,0,744,751,754
1741010034758,86876,89339,23,89,95,23,101,0,752,0,752,754,758
1741010034778,86876,89533,21,89,95,21,101,0,757,0,757,758,761
1741010034798,86876,89853,23,89,95,23,101,0,757,0,757,761,766
1741010034818,86876,90091,22,90,95,22,101,0,765,0,765,766,769
1741010034838,86876,90577,21,90,95,21,101,0,765,0,765,769,771
1741010034858,86876,91086,22,91,95,22,101,0,765,0,765,771,770
1741010034878,86876,91668,23,91,95,23,100,0,765,0,765,770,768
1741010034898,86876,91956,21,92,95,21,99,0,765,0,765,768,767
1741010034918,86876,92648,23,92,95,22,99,0,757,0,765,767,765
1741010034938,86876,92667,22,92,95,23,99,0,765,0,765,765,763
1741010034958,86876,92673,21,92,95,21,98,0,757,0,757,763,761
1741010034978,86876,92682,23,92,95,23,98,0,757,0,757,761,758
1741010034998,86876,92620,22,92,95,22,98,0,752,0,752,758,755
1741010035018,86876,92665,22,92,95,22,97,0,749,0,749,755,752
1741010035038,86876,92368,22,92,95,22,97,0,749,0,749,752,750
1741010035058,86876,91785,22,91,94,22,98,0,744,0,744,750,749
1741010035078,86876,91703,21,91,94,21,98,0,749,0,749,749,746
1741010035098,86876,91303,23,91,94,23,98,0,741,0,744,746,744
1741010035118,86876,90964,22,90,93,22,98,0,744,0,744,744,741
1741010035138,86876,90744,21,90,94,21,98,0,741,0,741,741,742
1741010035158,86876,90618,22,90,94,22,98,0,736,0,736,742,740
1741010035178,86876,90366,23,90,94,23,98,0,736,0,736,740,741
1741010035198,86876,89964,11,90,94,11,98,0,675,0,741,741,747
1741010035218,86876,89840,22,89,94,22,99,0,683,0,741,747,751
1741010035238,86876,89551,23,89,94,23,100,0,683,0,741,751,764
1741010035258,86876,89377,16,89,94,16,102,0,741,0,741,764,775
1741010035278,86876,89090,5,89,82,5,107,0,815,0,815,775,773
1741010035298,86876,89487,10,90,72,10,125,0,960,0,960,773,757
1741010035318,86876,90218,11,90,73,11,132,160728,1013,111,1013,661,645
1741010035338,86876,91184,11,91,73,11,152,0,1180,111,1180,661,644
1741010035358,86876,92002,11,92,75,11,172,0,1336,111,1336,661,644
1741010035378,86876,89306,7,90,84,7,186,0,1428,111,1428,661,644
1741010035398,86876,89820,21,89,84,21,202,0,1525,45,1525,671,654
1741010035418,86876,89861,25,89,83,25,101,0,682,0,1538,757,738
1741010035438,86876,89894,18,89,82,18,98,0,691,0,1538,738,720
1741010035458,86876,90285,12,89,83,12,96,0,720,0,720,720,702
1741010035478,86876,88801,17,88,84,17,94,0,701,0,696,702,684
1741010035498,86876,90624,25,91,85,25,90,0,673,0,678,684,691
1741010035518,86876,92578,21,92,85,21,89,0,670,0,678,691,686
1741010035538,86876,93243,22,93,85,22,88,0,658,0,678,686,681
1741010035558,86876,91082,20,89,88,20,90,0,675,0,675,681,693
1741010035578,86876,88563,23,88,88,23,93,0,692,0,689,693,704
1741010035598,86876,88388,25,88,85,25,95,0,693,0,689,704,698
1741010035618,86876,88377,24,88,82,24,94,0,692,0,692,698,691
1741010035638,86876,88399,24,88,81,24,93,0,689,0,685,691,694
1741010035658,86876,88368,24,88,88,24,94,0,689,0,689,694,705
1741010035678,86876,88401,23,88,90,23,95,0,699,0,692,705,715
1741010035698,86876,88460,23,88,90,23,96,0,701,0,692,715,719
1741010035718,86876,88649,22,88,90,22,97,0,718,0,716,719,723
1741010035738,86876,88629,24,88,89,24,97,0,722,0,723,723,731
1741010035758,86876,88635,24,88,90,24,98,0,728,0,725,731,737
1741010035778,86876,88776,22,88,90,22,99,0,733,0,725,737,739
1741010035798,86876,88979,22,88,92,22,99,0,736,0,736,739,740
1741010035818,86876,88561,21,88,93,21,100,0,733,0,733,740,745
1741010035838,86876,89136,21,89,93,21,100,0,744,0,744,745,748
1741010035858,86876,89873,22,90,93,22,99,0,744,0,741,748,751
1741010035878,86876,90814,22,90,93,22,99,0,749,0,749,751,750
1741010035898,86876,90752,22,90,93,22,99,0,749,0,744,750,754
1741010035918,86876,90177,22,90,94,22,100,0,752,0,749,754,757
1741010035938,86876,90172,22,90,95,22,100,0,757,0,757,757,758
1741010035958,86876,90161,22,90,95,22,100,0,757,0,752,758,756
1741010035978,86876,90424,22,90,95,22,100,0,752,0,749,756,755
1741010035998,86876,90644,22,90,95,22,99,0,749,0,749,755,757
1741010036018,86876,91054,22,91,95,22,99,0,757,0,757,757,759
1741010036038,86876,91529,22,91,95,22,99,0,752,0,752,759,760
1741010036058,86876,91305,22,91,95,22,100,0,757,0,757,760,761
1741010036078,86876,90851,22,90,95,22,100,0,757,0,757,761,763
1741010036098,86876,91014,22,91,95,22,100,0,760,0,757,763,761
1741010036118,86876,91521,22,91,95,22,99,0,757,0,757,761,758
1741010036138,86876,91548,22,91,95,22,99,0,757,0,752,758,757
1741010036158,86876,91769,22,91,95,22,98,0,752,0,752,757,759
1741010036179,86876,91729,22,91,95,22,99,0,757,0,757,759,758
1741010036198,86876,91752,22,91,95,22,99,0,757,0,752,758,756
1741010036219,86876,91718,22,91,95,22,98,0,752,0,749,756,754
1741010036238,86876,91561,22,91,95,22,98,0,749,0,749,754,753
1741010036258,86876,91630,22,91,95,22,98,0,749,0,752,753,752
1741010036278,86876,91715,22,91,95,22,98,0,752,0,752,752,751
1741010036298,86876,91443,22,91,95,22,98,0,749,0,744,751,752
1741010036318,86876,90979,22,90,94,22,99,0,749,0,749,752,751
1741010036338,86876,90932,22,90,94,22,99,0,744,0,744,751,749
1741010036358,86876,90803,22,90,94,22,99,0,749,0,749,749,747
1741010036378,86876,90693,22,90,94,22,98,0,744,0,744,747,749
1741010036398,86876,90552,22,90,95,22,99,0,744,0,744,749,751
1741010036418,86876,90684,22,90,95,22,99,0,749,0,744,751,752
1741010036438,86876,90462,22,90,95,22,99,0,749,0,749,752,754
1741010036458,86876,90288,22,90,95,22,100,0,752,0,749,754,756
1741010036478,86876,90136,22,90,95,22,100,0,749,0,749,756,758
1741010036498,86876,90486,22,90,95,22,100,0,757,0,757,758,757
1741010036518,86876,90576,22,90,95,22,100,0,752,0,752,757,759
1741010036538,86876,90749,22,90,95,22,100,0,757,0,752,759,761
1741010036558,86876,90725,22,90,95,22,100,0,757,0,757,761,764
1741010036578,86876,90946,22,91,95,22,100,0,760,0,760,764,763
1741010036598,86876,91429,22,91,95,22,100,0,757,0,757,763,762
1741010036618,86876,91533,22,91,95,22,99,0,757,0,757,762,761
1741010036638,86876,91655,22,91,95,22,99,0,760,0,760,761,762
1741010036658,86876,91775,22,91,95,22,99,0,757,0,757,762,761
1741010036678,86876,91784,22,91,95,22,99,0,757,0,757,761,759
1741010036698,86876,91776,23,91,95,23,99,0,752,0,752,759,758
1741010036718,86876,91765,22,91,95,22,99,0,757,0,757,758,756
1741010036738,86876,91813,21,91,95,21,98,0,749,0,749,756,755
1741010036758,86876,91922,22,91,95,22,98,0,752,0,749,755,753
1741010036778,86876,91923,22,91,95,22,98,0,749,0,749,753,752
1741010036798,86876,91727,22,91,95,22,98,0,749,0,749,752,751
1741010036818,86876,91460,22,91,95,22,98,0,744,0,744,751,752
1741010036838,86876,90937,22,90,94,22,99,0,749,0,749,752,750
1741010036858,86876,90813,22,90,94,22,99,0,749,0,744,750,749
1741010036878,86876,90799,22,90,94,22,98,0,744,0,744,749,747
1741010036898,86876,90686,22,90,94,22,98,0,741,0,741,747,748
1741010036918,86876,90531,22,90,94,22,99,0,744,0,744,748,750
1741010036938,86876,90621,22,90,95,22,99,0,744,0,744,750,752
1741010036958,86876,90418,22,90,95,22,99,0,749,0,749,752,754
1741010036978,86876,90224,22,90,94,22,100,0,749,0,749,754,757
1741010036998,86876,89925,23,89,95,23,101,0,752,0,752,757,759
1741010037018,86876,90104,21,90,94,21,100,0,757,0,752,759,760
1741010037038,86876,90569,22,90,95,22,100,0,757,0,757,760,761
1741010037058,86876,90788,23,90,95,23,100,0,757,0,760,761,762
1741010037078,86876,91033,21,91,95,21,100,0,757,0,757,762,764
1741010037098,86876,91455,22,91,95,22,100,0,757,0,757,764,763
1741010037118,86876,91531,23,91,95,23,99,0,757,0,760,763,762
1741010037138,86876,91651,21,91,95,21,99,0,757,0,757,762,763
1741010037158,86876,91701,22,91,95,22,99,0,757,0,757,763,762
1741010037178,86876,91756,23,91,95,23,99,0,757,0,760,762,761
1741010037198,86876,91753,21,91,95,21,99,0,757,0,757,761,760
1741010037218,86876,91821,23,91,95,22,99,0,749,0,757,760,759
1741010037238,86876,91826,22,91,95,23,99,0,752,0,752,759,757
1741010037258,86876,92014,21,92,95,21,98,0,757,0,757,757,756
1741010037278,86876,92050,22,92,95,22,98,0,749,0,749,756,755
1741010037298,86876,92028,22,92,95,22,98,0,752,0,749,755,753
1741010037318,86876,91910,22,91,95,22,98,0,749,0,749,753,752
1741010037338,86876,91576,22,91,95,22,98,0,749,0,749,752,751
1741010037358,86876,91117,23,90,94,23,99,0,744,0,744,751,750
1741010037378,86876,90754,21,90,94,21,99,0,749,0,744,750,748
1741010037398,86876,90770,22,90,94,22,98,0,744,0,744,748,747
1741010037418,86876,90750,23,90,94,23,98,0,744,0,744,747,746
1741010037438,86876,90632,21,90,94,21,98,0,741,0,741,746,748
1741010037458,86876,90415,22,90,95,22,99,0,744,0,744,748,751
1741010037478,86876,90216,23,90,95,23,100,0,744,0,744,751,754
1741010037498,86876,89890,21,89,94,21,100,0,749,0,749,754,756
1741010037518,86876,89924,23,89,94,23,100,0,749,0,749,756,758
1741010037538,86876,89980,22,89,95,22,101,0,752,0,752,758,760
1741010037558,86876,90181,21,90,95,21,100,0,757,0,757,760,762
1741010037578,86876,90589,22,90,95,22,100,0,757,0,757,762,764
1741010037598,86876,90857,23,90,95,23,100,0,757,0,760,764,765
1741010037618,86876,91070,21,91,95,21,100,0,765,0,765,765,766
1741010037638,86876,91534,23,91,95,23,100,0,765,0,765,766,765
1741010037658,86876,91735,22,91,95,22,100,0,765,0,765,765,763
1741010037678,86876,91715,22,91,95,21,99,0,749,0,757,763,762
1741010037698,86876,92017,22,92,95,23,99,0,757,0,757,762,759
1741010037718,86876,92644,22,92,95,22,98,0,752,0,752,759,758
1741010037738,86876,92705,21,92,95,21,98,0,749,0,752,758,757
1741010037758,86876,92375,23,92,95,23,98,0,757,0,757,757,758
1741010037778,86876,91802,22,91,95,22,99,0,752,0,752,758,759
1741010037798,86876,91762,21,91,94,21,99,0,757,0,752,759,754
1741010037818,86876,91645,23,91,94,23,98,0,741,0,749,754,750
1741010037838,86876,91606,22,91,94,22,98,0,744,0,744,750,747
1741010037858,86876,91618,21,91,95,21,97,0,741,0,741,747,749
1741010037878,86876,91641,22,91,95,22,98,0,749,0,749,749,748
1741010037898,86876,91229,23,91,95,23,98,0,744,0,744,748,750
1741010037918,86876,90640,22,90,94,22,99,0,741,0,744,750,751
1741010037938,86876,90150,22,90,94,22,100,0,741,0,744,751,750
1741010037958,86876,90145,22,90,94,22,99,0,744,0,744,750,749
1741010037978,86876,90286,21,90,94,21,99,0,749,0,749,749,750
1741010037998,86876,90266,23,90,94,23,99,0,741,0,744,750,753
1741010038018,86876,90540,22,90,95,22,99,0,752,0,752,753,755
1741010038038,86876,90618,21,90,95,21,100,0,749,0,749,755,758
1741010038058,86876,90534,23,90,95,23,100,0,749,0,752,758,759
1741010038078,86876,90447,22,90,95,22,100,0,752,0,752,759,762
1741010038098,86876,90561,21,90,95,21,100,0,757,0,757,762,764
1741010038118,86876,90807,23,90,95,23,101,0,757,0,757,764,765
1741010038138,86876,91037,22,91,95,22,100,0,765,0,765,765,764
1741010038158,86876,91509,22,91,95,21,100,0,749,0,757,764,765
1741010038178,86876,91606,22,91,95,23,100,0,765,0,765,765,763
1741010038198,86876,91764,13,92,95,13,98,0,691,0,757,763,766
1741010038218,86876,92090,21,92,95,21,99,0,704,0,757,766,765
1741010038238,86876,92503,22,92,95,22,99,0,712,0,757,765,774
1741010038258,86876,91954,16,92,95,16,100,0,765,0,757,774,782
1741010038278,86876,92016,10,92,84,10,114,0,891,0,882,782,770
1741010038298,86876,89730,9,90,76,9,127,57920,970,32,970,729,713
1741010038318,86876,89800,12,90,75,12,142,83984,1080,98,1076,671,654
1741010038338,86876,91048,11,91,76,11,160,0,1240,98,1227,671,654
1741010038358,86876,91177,10,91,80,10,179,0,1391,98,1391,671,654
1741010038378,86876,89173,8,90,85,8,198,0,1502,98,1502,671,654
1741010038398,86876,89239,23,89,85,23,103,0,681,0,1556,770,751
1741010038418,86876,89485,21,89,85,21,100,0,688,0,1556,751,732
1741010038438,86876,89158,18,89,84,18,98,0,694,0,1556,732,714
1741010038458,86876,88922,16,88,86,16,96,0,711,0,711,714,696
1741010038478,86876,89164,15,89,86,15,93,0,690,0,692,696,709
1741010038498,86876,91025,23,91,86,23,93,0,694,0,690,709,711
1741010038518,86876,92329,22,92,86,22,92,0,686,0,690,711,702
1741010038538,86876,93088,22,93,86,22,90,0,681,0,690,702,696
1741010038558,86876,91826,19,90,88,19,92,0,696,0,696,696,702
1741010038578,86876,88482,25,88,88,25,95,0,693,0,702,702,711
1741010038598,86876,88299,25,88,86,25,96,0,701,0,702,711,705
1741010038618,86876,88278,25,88,85,25,95,0,702,0,701,705,698
1741010038638,86876,88250,24,88,84,24,94,0,693,0,692,698,699
1741010038658,86876,88358,23,88,89,23,94,0,692,0,692,699,710
1741010038678,86876,88308,23,88,91,23,96,0,699,0,692,710,721
1741010038698,86876,88410,22,88,91,22,97,0,699,0,692,721,728
1741010038718,86876,88324,20,88,91,20,98,0,720,0,728,728,735
1741010038738,86876,88322,19,88,90,19,99,0,728,0,728,735,744
1741010038758,86876,88494,22,88,90,22,100,0,744,0,744,744,749
1741010038778,86876,88811,22,88,90,22,101,0,749,0,749,749,750
1741010038798,86876,89281,22,89,91,22,100,0,749,0,744,750,747
1741010038818,86876,89921,22,90,93,22,99,0,744,0,744,747,745
1741010038838,86876,88997,22,89,95,22,100,0,741,0,741,745,750
1741010038858,86876,89856,22,90,95,22,99,0,749,0,744,750,754
1741010038878,86876,90634,22,90,95,22,99,0,752,0,752,754,756
1741010038898,86876,90598,22,90,95,22,100,0,749,0,749,756,758
1741010038918,86876,90228,22,90,95,22,100,0,757,0,757,758,764
1741010038938,86876,90368,22,90,95,22,101,0,757,0,757,764,766
1741010038958,86876,90867,22,90,95,22,101,0,765,0,765,766,763
1741010038978,86876,90974,22,90,95,22,100,0,757,0,757,763,762
1741010038998,86876,91059,22,91,95,22,100,0,757,0,760,762,763
1741010039018,86876,91576,22,91,95,22,99,0,757,0,757,763,764
1741010039038,86876,91951,22,92,95,22,99,0,757,0,757,764,762
1741010039058,86876,92277,22,92,95,22,99,0,757,0,757,762,761
1741010039078,86876,91725,22,91,95,22,99,0,757,0,757,761,762
1741010039098,86876,91714,22,91,95,22,99,0,757,0,757,762,761
1741010039118,86876,91748,22,91,95,22,99,0,757,0,757,761,758
1741010039138,86876,91737,22,91,95,22,99,0,757,0,757,758,755
1741010039158,86876,91742,22,91,95,22,98,0,749,0,749,755,754
1741010039178,86876,91745,22,91,95,22,98,0,752,0,752,754,753
1741010039200,86876,91763,24,91,95,24,98,0,752,0,752,753,752
1741010039218,86876,91818,20,91,95,20,98,0,749,0,749,752,751
1741010039238,86876,91386,22,91,95,22,98,0,744,0,744,751,752
1741010039258,86876,90976,22,90,94,22,99,0,749,0,749,752,751
1741010039278,86876,91015,22,91,94,22,99,0,749,0,744,751,750
1741010039298,86876,91019,22,90,94,22,98,0,744,0,744,750,748
1741010039318,86876,90755,22,90,94,22,99,0,741,0,741,748,749
1741010039338,86876,90616,22,90,95,22,99,0,749,0,749,749,751
1741010039358,86876,90742,22,90,95,22,99,0,744,0,744,751,753
1741010039378,86876,90463,22,90,95,22,99,0,749,0,749,753,754
1741010039398,86876,90223,22,90,94,22,100,0,749,0,749,754,757
1741010039418,86876,90169,22,90,95,22,100,0,757,0,757,757,758
1741010039438,86876,90515,22,90,95,22,100,0,757,0,752,758,759
1741010039458,86876,90682,22,90,95,22,100,0,757,0,752,759,758
1741010039478,86876,91042,22,91,95,22,99,0,752,0,752,758,759
1741010039498,86876,91258,22,91,95,22,99,0,757,0,757,759,760
1741010039518,86876,91851,22,91,95,22,99,0,757,0,757,760,758
1741010039538,86876,91677,22,91,95,22,99,0,752,0,752,758,757
1741010039558,86876,91677,22,91,95,22,99,0,757,0,757,757,756
1741010039578,86876,91581,22,91,95,22,99,0,749,0,749,756,757
1741010039598,86876,91626,22,91,95,22,99,0,752,0,752,757,754
1741010039618,86876,91672,22,91,95,22,98,0,749,0,749,754,753
1741010039638,86876,91565,22,91,95,22,98,0,749,0,749,753,752
1741010039658,86876,91303,22,91,95,22,99,0,752,0,752,752,754
1741010039678,86876,91076,22,91,95,22,99,0,749,0,749,754,753
1741010039698,86876,91255,22,91,95,22,99,0,749,0,749,753,751
1741010039718,86876,90867,22,90,94,22,99,0,744,0,744,751,750
1741010039738,86876,90854,22,90,94,22,99,0,749,0,744,750,751
1741010039758,86876,90804,22,90,95,22,99,0,749,0,744,751,753
1741010039778,86876,90790,22,90,94,22,99,0,752,0,752,753,752
1741010039798,86876,90590,22,90,95,22,99,0,749,0,749,752,754
1741010039818,86876,90420,22,90,95,22,100,0,749,0,749,754,755
1741010039838,86876,90389,22,90,95,22,100,0,752,0,752,755,757
1741010039858,86876,90544,22,90,95,22,100,0,757,0,757,757,758
1741010039878,86876,90828,22,90,95,22,100,0,757,0,752,758,759
1741010039898,86876,90874,22,90,95,22,100,0,757,0,752,759,760
1741010039918,86876,90862,22,90,95,22,100,0,757,0,757,760,761
1741010039938,86876,91122,22,91,95,22,99,0,757,0,757,761,760
1741010039958,86876,91581,22,91,95,22,99,0,757,0,757,760,758
1741010039978,86876,91527,22,91,95,22,99,0,757,0,757,758,759
1741010039998,86876,91542,22,91,95,22,99,0,757,0,752,759,760
1741010040018,86876,91695,22,91,95,22,99,0,757,0,757,760,758
1741010040038,86876,91656,22,91,95,22,99,0,757,0,757,758,756
1741010040058,86876,91662,22,91,95,22,99,0,749,0,749,756,755
1741010040078,86876,91526,22,91,95,22,98,0,752,0,752,755,754
1741010040098,86876,91697,22,91,95,22,98,0,749,0,749,754,753
1741010040118,86876,91793,22,91,95,22,98,0,749,0,749,753,752
1741010040138,86876,91334,22,91,95,22,98,0,752,0,752,752,753
1741010040158,86876,90851,22,90,94,22,99,0,749,0,749,753,754
1741010040178,86876,90810,22,90,94,22,99,0,749,0,749,754,752
1741010040198,86876,90816,22,90,94,22,99,0,752,0,752,752,750
1741010040218,86876,90959,22,90,94,22,98,0,749,0,744,750,749
1741010040238,86876,91030,22,90,95,22,98,0,749,0,749,749,750
1741010040258,86876,91317,22,91,95,22,98,0,744,0,744,750,751
1741010040278,86876,91208,22,91,95,22,98,0,749,0,744,751,750
1741010040298,86876,91071,22,90,95,22,98,0,749,0,744,750,752
1741010040318,86876,90404,22,90,94,22,99,0,752,0,752,752,754
1741010040338,86876,90382,22,90,94,22,100,0,749,0,749,754,753
1741010040358,86876,90298,22,90,94,22,100,0,749,0,749,753,751
1741010040378,86876,90368,22,90,94,22,99,0,744,0,744,751,752
1741010040398,86876,90568,22,90,95,22,99,0,749,0,749,752,755
1741010040418,86876,90817,22,90,95,22,99,0,749,0,749,755,758
1741010040438,86876,90809,22,90,95,22,100,0,757,0,752,758,760
1741010040458,86876,90629,22,90,95,22,100,0,757,0,757,760,763
1741010040478,86876,90510,22,90,95,22,101,0,757,0,757,763,764
1741010040498,86876,90824,22,90,95,22,100,0,757,0,757,764,763
1741010040518,86876,91028,22,91,95,22,100,0,757,0,757,763,762
1741010040538,86876,91605,22,91,95,22,99,0,757,0,757,762,763
1741010040558,86876,91769,22,91,95,22,99,0,757,0,757,763,764
1741010040578,86876,91834,22,91,95,22,99,0,757,0,757,764,763
1741010040598,86876,91868,22,91,95,22,99,0,757,0,757,763,761
1741010040618,86876,91855,22,91,95,22,99,0,757,0,760,761,759
1741010040638,86876,91817,22,91,95,22,99,0,757,0,757,759,758
1741010040658,86876,91801,22,91,95,22,99,0,757,0,752,758,756
1741010040678,86876,91757,22,91,95,22,98,0,752,0,749,756,754
1741010040698,86876,91753,22,91,95,22,98,0,749,0,749,754,752
1741010040718,86876,91836,22,91,95,22,98,0,749,0,749,752,751
1741010040738,86876,91709,22,91,95,22,98,0,744,0,744,751,752
1741010040758,86876,91432,22,91,95,22,98,0,749,0,749,752,751
1741010040778,86876,91006,22,90,94,22,99,0,749,0,744,751,750
1741010040798,86876,90951,22,90,94,22,98,0,744,0,744,750,748
1741010040818,86876,90683,22,90,94,22,99,0,741,0,741,748,747
1741010040838,86876,90563,21,90,94,21,98,0,744,0,744,747,748
1741010040858,86876,90887,22,90,94,22,98,0,744,0,741,748,749
1741010040878,86876,90906,22,90,94,22,98,0,749,0,749,749,750
1741010040898,86876,90719,22,90,94,22,99,0,749,0,744,750,752
1741010040918,86876,90303,23,90,94,23,99,0,752,0,752,752,754
1741010040938,86876,90141,21,90,94,21,100,0,749,0,749,754,755
1741010040958,86876,89961,22,90,94,22,100,0,749,0,749,755,754
1741010040978,86876,90249,23,90,94,23,100,0,752,0,752,754,755
1741010040998,86876,90470,21,90,95,21,100,0,749,0,749,755,758
1741010041018,86876,90780,22,90,95,22,100,0,757,0,757,758,760
1741010041038,86876,90841,23,90,95,23,100,0,757,0,760,760,763
1741010041058,86876,90876,21,90,95,21,100,0,757,0,757,763,764
1741010041078,86876,91046,22,91,95,22,100,0,757,0,757,764,763
1741010041098,86876,91220,22,91,95,22,100,0,760,0,760,763,761
1741010041118,86876,91761,22,91,95,22,99,0,757,0,757,761,760
1741010041138,86876,91870,22,91,95,22,99,0,757,0,757,760,759
1741010041158,86876,91783,22,91,95,22,99,0,752,0,752,759,760
1741010041178,86876,91687,22,91,95,22,99,0,757,0,757,760,759
1741010041198,86876,91847,22,91,95,22,99,0,757,0,752,759,757
1741010041218,86876,92269,22,92,95,22,98,0,752,0,752,757,753
1741010041238,86876,92499,21,92,94,21,97,0,749,0,749,753,750
1741010041258,86876,92650,23,92,94,23,97,0,744,0,744,750,748
1741010041278,86876,92662,21,92,94,21,96,0,741,0,741,748,746
1741010041298,86876,92360,22,92,94,22,97,0,741,0,741,746,744
1741010041318,86876,92002,22,91,94,22,97,0,744,0,744,744,741
1741010041338,86876,90837,22,90,93,22,98,0,741,0,741,741,740
1741010041358,86876,90412,22,90,92,22,98,0,736,0,736,740,738
1741010041378,86876,90206,22,90,92,22,98,0,736,0,736,738,735
1741010041398,86876,89906,22,89,93,22,98,0,733,0,728,735,734
1741010041418,86876,89859,22,89,93,22,98,0,728,0,728,734,737
1741010041438,86876,89997,21,89,94,21,98,0,736,0,733,737,740
1741010041458,86876,90512,22,90,93,22,98,0,728,0,736,740,742
1741010041478,86876,90775,20,90,93,20,97,0,736,0,736,742,743
1741010041498,86876,91148,22,91,92,22,97,0,741,0,736,743,744
1741010041518,86876,91665,21,91,92,21,97,0,744,0,744,744,741
1741010041538,86876,91868,22,91,92,22,97,0,741,0,741,741,737
1741010041558,86876,91186,22,91,93,22,96,0,736,0,736,737,734
1741010041578,86876,90704,22,90,93,22,97,0,728,0,728,734,733
1741010041598,86876,90411,22,90,93,22,97,0,725,0,733,733,731
1741010041618,86876,90011,21,90,93,21,97,0,728,0,728,731,732
1741010041638,86876,89927,21,89,93,21,97,0,725,0,725,732,736
1741010041658,86876,90017,22,89,93,22,98,0,736,0,736,736,739
1741010041678,86876,89975,22,90,93,22,98,0,736,0,736,739,742
1741010041698,86876,89930,21,89,93,21,98,0,741,0,736,742,743
1741010041718,86876,89882,22,89,93,22,99,0,736,0,736,743,745
1741010041738,86876,89932,22,90,93,22,99,0,744,0,741,745,746
1741010041758,86876,90310,22,90,94,22,99,0,741,0,741,746,748
1741010041778,86876,90443,22,90,94,22,99,0,744,0,744,748,747
1741010041798,86876,90385,21,90,94,21,99,0,741,0,741,747,750
1741010041818,86876,90202,23,90,94,23,99,0,749,0,744,750,753
1741010041838,86876,90114,22,90,95,22,100,0,749,0,752,753,756
1741010041858,86876,90173,21,90,95,21,100,0,749,0,749,756,757
1741010041878,86876,90080,22,90,94,22,100,0,757,0,757,757,759
1741010041898,86876,90419,23,90,95,23,100,0,749,0,752,759,761
1741010041918,86876,90855,21,90,95,21,100,0,757,0,757,761,760
1741010041938,86876,90978,22,90,95,22,100,0,757,0,757,760,762
1741010041958,86876,91123,23,91,95,23,100,0,757,0,757,762,763
1741010041978,86876,91412,21,91,95,21,100,0,757,0,757,763,762
1741010041998,86876,91556,22,91,95,22,99,0,757,0,757,762,760
1741010042018,86876,91795,23,91,95,23,99,0,757,0,757,760,759
1741010042038,86876,91778,21,91,95,21,99,0,757,0,752,759,760
1741010042058,86876,91792,22,91,95,22,99,0,757,0,757,760,759
1741010042078,86876,91731,23,91,95,23,99,0,757,0,752,759,757
1741010042098,86876,91747,21,91,95,21,99,0,757,0,757,757,755
1741010042118,86876,91660,23,91,95,23,98,0,749,0,749,755,754
1741010042138,86876,91583,22,91,95,22,98,0,749,0,749,754,752
1741010042158,86876,91715,21,91,95,21,98,0,749,0,749,752,751
1741010042178,86876,91701,22,91,95,22,98,0,749,0,744,751,750
1741010042198,86876,91490,19,91,95,19,98,0,749,0,749,750,751
1741010042218,86876,91043,15,91,94,15,98,0,688,0,751,751,754
1741010042238,86876,91030,22,91,94,22,99,0,691,0,751,754,753
1741010042258,86876,91006,17,90,94,17,99,0,736,0,751,753,760
1741010042278,86876,90440,9,91,83,9,111,0,866,0,866,760,752
1741010042298,86876,90770,8,91,79,8,123,11584,942,8,942,741,727
1741010042318,86876,90387,12,91,74,12,134,130320,1030,98,1019,651,635
1741010042338,86876,91212,11,91,75,11,153,0,1187,98,1175,651,635
1741010042358,86876,92249,11,92,77,11,171,0,1334,98,1334,651,635
1741010042378,86876,90433,10,91,83,10,192,0,1475,98,1475,651,635
1741010042398,86876,89892,19,90,82,19,199,0,1509,24,1509,662,645
1741010042418,86876,90963,22,90,81,22,99,0,674,0,1525,752,733
1741010042438,86876,90501,19,90,81,19,97,0,678,0,1525,733,715
1741010042458,86876,90111,15,90,82,15,95,0,706,0,1525,715,697
1741010042478,86876,90045,14,90,83,14,92,0,690,0,692,697,680
1741010042498,86876,90769,24,91,84,24,89,0,672,0,680,680,685
1741010042518,86876,92255,22,92,84,22,89,0,657,0,680,685,680
1741010042538,86876,92624,22,92,84,22,88,0,647,0,680,680,675
1741010042558,86876,92282,24,91,86,24,88,0,637,0,680,675,680
1741010042578,86876,90094,15,90,87,15,90,0,675,0,675,680,688
1741010042598,86876,89949,25,89,84,25,91,0,675,0,675,688,691
1741010042618,86876,89794,24,89,82,24,92,0,682,0,675,691,686
1741010042638,86876,89747,23,89,81,23,91,0,685,0,685,686,684
1741010042658,86876,89720,24,89,82,24,91,0,682,0,678,684,688
1741010042678,86876,89741,22,89,86,22,92,0,682,0,682,688,691
1741010042698,86876,89667,25,89,87,25,92,0,682,0,682,691,694
1741010042718,86876,89715,24,89,87,24,92,0,689,0,682,694,695
1741010042738,86876,89750,23,89,87,23,92,0,692,0,689,695,701
1741010042758,86876,89854,21,89,87,21,93,0,699,0,696,701,707
1741010042778,86876,89908,26,89,87,26,94,0,696,0,699,707,710
1741010042798,86876,89800,25,89,88,25,94,0,703,0,699,710,711
1741010042818,86876,89830,24,89,88,24,94,0,707,0,707,711,712
1741010042838,86876,89889,24,89,89,24,95,0,710,0,706,712,713
1741010042858,86876,89912,23,89,89,23,95,0,713,0,713,713,714
1741010042878,86876,89940,25,89,89,25,95,0,708,0,708,714,716
1741010042898,86876,89889,24,89,90,24,95,0,704,0,716,716,717
1741010042918,86876,89818,20,89,91,20,95,0,712,0,712,717,720
1741010042938,86876,89990,20,89,90,20,96,0,720,0,720,720,723
1741010042958,86876,89908,21,89,91,21,96,0,720,0,720,723,726
1741010042978,86876,90025,22,90,91,22,96,0,720,0,720,726,727
1741010042998,86876,90170,22,90,91,22,96,0,720,0,720,727,726
1741010043018,86876,90202,21,90,91,21,96,0,720,0,720,726,727
1741010043038,86876,90344,20,90,92,20,96,0,720,0,720,727,729
1741010043058,86876,90361,22,90,92,22,96,0,728,0,728,729,731
1741010043078,86876,90403,22,90,92,22,96,0,728,0,725,731,732
1741010043098,86876,90231,21,90,92,21,97,0,728,0,728,732,733
1741010043118,86876,89919,20,89,92,20,97,0,728,0,728,733,734
1741010043138,86876,90094,22,90,92,22,97,0,733,0,728,734,733
1741010043158,86876,90475,22,90,92,22,97,0,728,0,728,733,732
1741010043178,86876,90664,22,90,92,22,96,0,728,0,725,732,733
1741010043198,86876,90519,22,90,93,22,97,0,728,0,728,733,736
1741010043218,86876,90231,20,90,93,20,97,0,736,0,736,736,739
1741010043238,86876,90476,22,90,93,22,98,0,733,0,733,739,738
1741010043258,86876,90432,22,90,93,22,97,0,736,0,733,738,736
1741010043278,86876,90590,21,90,92,21,97,0,733,0,733,736,737
1741010043298,86876,90750,22,90,93,22,97,0,736,0,733,737,738
1741010043318,86876,90269,20,90,94,20,97,0,720,0,736,738,741
1741010043338,86876,90467,21,90,93,21,98,0,728,0,736,741,740
1741010043359,86876,90495,22,90,93,22,98,0,736,0,733,740,743
1741010043378,86876,90445,22,90,93,22,98,0,736,0,736,743,746
1741010043398,86876,90329,21,90,93,21,99,0,741,0,741,746,749
1741010043418,86876,90513,20,90,92,20,99,0,749,0,749,749,747
1741010043438,86876,91031,22,91,92,22,98,0,741,0,744,747,743
1741010043458,86876,91643,22,91,92,22,97,0,736,0,736,743,738
1741010043478,86876,92146,22,92,92,22,95,0,733,0,733,738,735
1741010043498,86876,92213,22,91,93,22,96,0,728,0,728,735,734
1741010043518,86876,90371,22,90,95,22,97,0,728,0,728,734,739
1741010043538,86876,90167,21,90,93,21,98,0,733,0,736,739,740
1741010043558,86876,90258,21,90,92,21,98,0,728,0,736,740,737
1741010043578,86876,90230,21,90,91,21,98,0,733,0,733,737,734
1741010043598,86876,90196,22,90,92,22,97,0,728,0,728,734,738
1741010043618,86876,90379,22,90,93,22,97,0,736,0,733,738,740
1741010043638,86876,90424,21,90,94,21,98,0,733,0,733,740,741
1741010043658,86876,90465,21,90,93,21,98,0,736,0,736,741,740
1741010043678,86876,90360,22,90,93,22,98,0,733,0,733,740,743
1741010043698,86876,90185,22,90,93,22,98,0,736,0,736,743,745
1741010043718,86876,90573,22,90,93,22,98,0,744,0,744,745,746
1741010043738,86876,90304,22,90,94,22,99,0,741,0,741,746,748
1741010043758,86876,90120,21,90,94,21,99,0,744,0,744,748,749
1741010043778,86876,90219,22,90,94,22,99,0,744,0,744,749,751
1741010043798,86876,90463,22,90,94,22,99,0,749,0,749,751,749
1741010043818,86876,90845,22,90,94,22,98,0,744,0,744,749,750
1741010043838,86876,90758,22,90,94,22,99,0,744,0,744,750,752
1741010043858,86876,90319,22,90,95,22,99,0,749,0,749,752,756
1741010043878,86876,90625,22,90,95,22,100,0,749,0,752,756,757
1741010043898,86876,90506,22,90,95,22,100,0,752,0,752,757,756
1741010043918,86876,90548,22,90,95,22,100,0,749,0,749,756,758
1741010043938,86876,90629,22,90,95,22,100,0,757,0,752,758,760
1741010043958,86876,91004,21,90,95,21,100,0,757,0,757,760,761
1741010043978,86876,91203,23,91,95,23,99,0,757,0,757,761,760
1741010043998,86876,91377,22,91,95,22,100,0,757,0,757,760,759
1741010044018,86876,91050,22,91,95,22,99,0,752,0,752,759,760
1741010044041,86876,91610,25,91,95,25,99,0,757,0,757,760,758
1741010044058,86876,91786,19,91,95,19,99,0,757,0,752,758,757
1741010044078,86876,91701,22,91,95,21,99,0,752,0,757,757,758
1741010044098,86876,91740,22,91,95,23,99,0,757,0,752,758,757
1741010044118,86876,91646,22,91,95,22,99,0,757,0,757,757,755
1741010044138,86876,92107,21,92,95,21,98,0,749,0,749,755,752
1741010044158,86876,92010,22,92,95,22,98,0,749,0,749,752,750
1741010044178,86876,92042,22,92,94,22,97,0,744,0,744,750,749
1741010044198,86876,92046,22,92,95,22,97,0,749,0,749,749,748
1741010044218,86876,91725,22,91,94,22,98,0,741,0,741,748,747
1741010044238,86876,91011,22,91,94,22,98,0,744,0,744,747,745
1741010044258,86876,90845,22,90,94,22,98,0,741,0,741,745,744
1741010044278,86876,90567,22,90,93,22,98,0,741,0,741,744,742
1741010044298,86876,90351,22,90,93,22,98,0,736,0,736,742,743
1741010044318,86876,90390,22,90,94,22,98,0,733,0,736,743,744
1741010044338,86876,90358,22,90,94,22,98,0,741,0,744,744,746
1741010044358,86876,90451,21,90,94,21,98,0,736,0,741,746,749
1741010044378,86876,90388,21,90,94,21,99,0,749,0,749,749,751
1741010044398,86876,90341,22,90,94,22,99,0,744,0,744,751,754
1741010044418,86876,90637,21,90,94,21,99,0,749,0,749,754,753
1741010044438,86876,90879,23,90,94,22,99,0,741,0,749,753,754
1741010044458,86876,90762,22,90,94,23,99,0,749,0,752,754,753
1741010044478,86876,91067,21,90,94,21,99,0,749,0,749,753,755
1741010044498,86876,90711,22,90,95,22,99,0,749,0,749,755,757
1741010044518,86876,90864,23,90,95,23,99,0,757,0,757,757,758
1741010044538,86876,90923,21,90,95,21,100,0,757,0,757,758,759
1741010044558,86876,90994,22,90,95,22,100,0,757,0,752,759,757
1741010044578,86876,91106,22,91,95,22,99,0,757,0,757,757,758
1741010044598,86876,91171,22,91,95,22,99,0,757,0,752,758,757
1741010044618,86876,91700,22,91,95,22,98,0,757,0,757,757,755
1741010044638,86876,91632,22,91,95,22,98,0,752,0,749,755,754
1741010044658,86876,91613,22,91,95,22,98,0,749,0,749,754,753
1741010044678,86876,91564,22,91,95,22,98,0,749,0,749,753,754
1741010044698,86876,91522,23,91,95,23,98,0,749,0,752,754,753
1741010044718,86876,91235,21,91,95,21,99,0,749,0,749,753,754
1741010044738,86876,90775,22,90,94,22,99,0,749,0,749,754,755
1741010044758,86876,90796,22,90,94,22,99,0,752,0,752,755,753
1741010044778,86876,90869,22,90,94,22,99,0,749,0,749,753,752
1741010044798,86876,90923,22,90,94,22,99,0,749,0,749,752,751
1741010044818,86876,90938,22,90,95,22,99,0,744,0,744,751,753
1741010044838,86876,90845,22,90,95,22,99,0,749,0,749,753,755
1741010044858,86876,90857,22,90,95,22,99,0,749,0,749,755,757
1741010044878,86876,90827,23,90,95,23,100,0,749,0,757,757,758
1741010044898,86876,90640,21,90,95,21,100,0,757,0,757,758,759
1741010044918,86876,90531,23,90,95,22,100,0,749,0,757,759,761
1741010044938,86876,90821,22,90,95,23,100,0,757,0,757,761,760
1741010044958,86876,90952,21,91,95,21,100,0,757,0,757,760,761
1741010044978,86876,91553,22,91,95,22,99,0,757,0,757,761,760
1741010044998,86876,91603,23,91,95,23,99,0,757,0,757,760,761
1741010045018,86876,91771,21,91,95,21,99,0,757,0,757,761,760
1741010045040,86876,91906,25,91,95,25,99,0,760,0,760,760,758
1741010045058,86876,91939,20,91,95,19,98,0,749,0,752,758,756
1741010045078,86876,91865,21,91,95,22,98,0,749,0,749,756,754
1741010045098,86876,92106,20,92,95,20,98,0,736,0,749,754,753
1741010045118,86876,92079,22,92,95,22,98,0,744,0,749,753,752
1741010045138,86876,92036,22,91,95,22,98,0,741,0,749,752,754
1741010045158,86876,91530,22,91,94,22,99,0,749,0,749,754,755
1741010045178,86876,90906,20,90,94,20,99,0,749,0,749,755,754
1741010045198,86876,90630,22,90,92,22,99,0,749,0,749,754,750
1741010045218,86876,91228,12,91,93,12,98,0,667,0,744,750,748
1741010045238,86876,91750,21,91,93,21,97,0,675,0,744,748,744
1741010045258,86876,92318,15,92,93,15,96,0,728,0,744,744,752
1741010045278,86876,91801,9,92,83,9,110,0,857,0,848,752,744
1741010045298,86876,91332,8,92,81,8,124,0,969,0,969,744,730
1741010045318,86876,90990,9,91,71,9,128,153488,998,106,998,638,622
1741010045338,86876,91438,11,92,71,11,148,0,1162,106,1162,638,622
1741010045358,86876,91803,10,92,73,10,168,0,1305,106,1305,638,622
1741010045378,86876,90658,11,91,80,11,189,0,1461,106,1461,638,622
1741010045398,86876,90171,10,90,80,10,198,0,1508,61,1508,645,629
1741010045418,86876,90364,26,90,80,26,96,0,662,0,1495,730,712
1741010045438,86876,90486,20,90,80,20,94,0,659,0,1495,712,694
1741010045458,86876,90390,16,90,80,16,92,0,672,0,1495,694,677
1741010045478,86876,91263,14,91,80,14,88,0,671,0,671,677,660
1741010045498,86876,90848,20,91,82,20,86,0,649,0,654,660,670
1741010045518,86876,92374,23,92,82,23,87,0,637,0,654,670,672
1741010045538,86876,92222,26,92,82,26,87,0,616,0,654,672,669
1741010045558,86876,91177,25,90,84,25,88,0,609,0,654,669,671
1741010045578,86876,89916,13,90,84,13,89,0,668,0,668,671,676
1741010045598,86876,89955,23,89,81,23,90,0,675,0,675,676,682
1741010045618,86876,90028,23,90,79,23,90,0,678,0,678,682,684
1741010045638,86876,90102,24,90,78,24,91,0,682,0,682,684,682
1741010045658,86876,90191,24,90,78,24,90,0,675,0,682,682,678
1741010045678,86876,90071,22,90,84,22,90,0,675,0,675,678,677
1741010045698,86876,89981,25,89,86,25,90,0,668,0,675,677,683
1741010045718,86876,90010,23,90,87,23,91,0,682,0,682,683,686
1741010045738,86876,89944,23,89,87,23,91,0,682,0,682,686,692
1741010045758,86876,89944,22,89,87,22,92,0,689,0,689,692,699
1741010045778,86876,89891,24,89,86,24,93,0,699,0,699,699,704
1741010045798,86876,89961,25,89,86,25,93,0,696,0,699,704,705
1741010045818,86876,90016,24,90,87,24,93,0,699,0,699,705,703
1741010045838,86876,90151,23,90,87,23,93,0,699,0,699,703,702
1741010045858,86876,90055,24,90,88,24,93,0,696,0,696,702,705
1741010045878,86876,90011,25,90,89,25,93,0,692,0,696,705,708
1741010045898,86876,90062,25,90,89,25,94,0,696,0,696,708,710
1741010045918,86876,90200,23,90,89,23,94,0,706,0,706,710,712
1741010045938,86876,90145,22,90,89,22,94,0,706,0,706,712,716
1741010045958,86876,90155,25,90,89,25,95,0,708,0,715,716,718
1741010045978,86876,89970,25,89,89,25,95,0,708,0,715,718,719
1741010045998,86876,89775,25,89,90,25,96,0,717,0,715,719,718
1741010046018,86876,89883,24,89,90,24,95,0,713,0,713,718,720
1741010046038,86876,89954,22,90,90,22,95,0,712,0,720,720,721
1741010046058,86876,90002,21,90,91,21,96,0,720,0,720,721,723
1741010046078,86876,90057,22,90,91,22,96,0,720,0,720,723,726
1741010046098,86876,90096,22,90,91,22,96,0,720,0,720,726,728
1741010046118,86876,89955,19,89,92,19,97,0,728,0,728,728,730
1741010046138,86876,90392,22,90,91,22,96,0,728,0,728,730,729
1741010046158,86876,90478,22,90,92,22,96,0,725,0,728,729,728
1741010046178,86876,90554,22,90,92,22,96,0,728,0,728,728,729
1741010046198,86876,90520,22,90,92,22,96,0,728,0,728,729,732
1741010046218,86876,90079,20,90,93,20,97,0,728,0,728,732,734
1741010046238,86876,90244,22,90,93,22,97,0,728,0,728,734,733
1741010046258,86876,90371,21,90,93,21,97,0,733,0,733,733,734
1741010046278,86876,90455,22,90,92,22,97,0,728,0,728,734,736
1741010046298,86876,90591,21,90,92,21,97,0,733,0,733,736,737
1741010046318,86876,90211,22,90,93,22,97,0,736,0,736,737,739
1741010046338,86876,90291,21,90,93,21,98,0,728,0,736,739,740
1741010046358,86876,90299,21,90,93,21,98,0,733,0,733,740,739
1741010046378,86876,90276,22,90,93,22,98,0,736,0,736,739,740
1741010046398,86876,90325,21,90,93,21,98,0,733,0,733,740,743
1741010046418,86876,90162,22,90,94,22,98,0,741,0,736,743,745
1741010046438,86876,90535,21,90,93,21,98,0,744,0,741,745,744
1741010046458,86876,91164,22,91,93,22,97,0,741,0,741,744,742
1741010046478,86876,91325,22,91,93,22,97,0,736,0,736,742,740
1741010046498,86876,90774,21,90,93,21,97,0,733,0,733,740,742
1741010046518,86876,90672,23,90,94,23,98,0,733,0,736,742,743
1741010046538,86876,90171,22,90,94,22,98,0,736,0,736,743,744
1741010046558,86876,90060,21,90,93,21,99,0,741,0,741,744,745
1741010046578,86876,89977,22,89,93,22,99,0,741,0,744,745,748
1741010046598,86876,90267,21,90,93,21,99,0,744,0,744,748,747
1741010046618,86876,90673,22,90,94,22,98,0,741,0,741,747,748
1741010046638,86876,90892,22,90,94,22,98,0,744,0,744,748,747
1741010046658,86876,90691,22,90,94,22,98,0,744,0,744,747,750
1741010046678,86876,90282,22,90,95,22,99,0,749,0,744,750,753
1741010046698,86876,90049,22,90,95,22,100,0,749,0,749,753,755
1741010046718,86876,90073,22,90,94,22,100,0,752,0,749,755,754
1741010046738,86876,90145,22,90,94,22,100,0,749,0,749,754,755
1741010046758,86876,90562,22,90,94,22,99,0,749,0,749,755,756
1741010046778,86876,90955,22,91,95,22,99,0,752,0,749,756,758
1741010046798,86876,91247,22,91,95,22,99,0,757,0,757,758,759
1741010046818,86876,91129,22,91,95,22,99,0,757,0,752,759,760
1741010046838,86876,90912,22,90,95,22,100,0,760,0,760,760,761
1741010046858,86876,90810,22,90,95,22,100,0,757,0,757,761,760
1741010046878,86876,91157,22,91,95,22,99,0,757,0,757,760,757
1741010046898,86876,91652,18,91,95,18,98,0,741,0,757,757,755
1741010046918,86876,91857,22,91,95,22,98,0,741,0,757,755,756
1741010046938,86876,92182,22,92,95,22,98,0,752,0,757,756,758
1741010046958,86876,92346,22,92,95,22,98,0,757,0,757,758,757
1741010046978,86876,92253,22,92,95,22,98,0,757,0,757,757,755
1741010046998,86876,91032,21,90,93,21,99,0,752,0,749,755,753
1741010047018,86876,91004,22,91,93,22,99,0,749,0,749,753,748
1741010047038,86876,91580,22,91,93,22,97,0,744,0,741,748,742
1741010047058,86876,92125,22,92,94,22,96,0,736,0,736,742,737
1741010047078,86876,92151,22,91,94,22,96,0,733,0,733,737,739
1741010047098,86876,90763,22,90,95,22,97,0,736,0,733,739,745
1741010047118,86876,90409,22,90,94,22,99,0,744,0,736,745,747
1741010047138,86876,89867,22,89,93,22,99,0,741,0,741,747,745
1741010047158,86876,89896,21,89,92,21,99,0,744,0,744,745,741
1741010047178,86876,90019,22,90,93,22,98,0,741,0,741,741,743
1741010047198,86876,90191,22,90,93,22,98,0,741,0,736,743,744
1741010047218,86876,90961,22,91,94,22,98,0,744,0,744,744,743
1741010047238,86876,90844,22,90,94,22,98,0,733,0,736,743,745
1741010047258,86876,90290,22,90,94,22,99,0,741,0,744,745,749
1741010047278,86876,90118,21,90,94,21,99,0,744,0,744,749,753
1741010047298,86876,90524,22,90,94,22,99,0,749,0,749,753,751
1741010047318,86876,90642,22,90,94,22,99,0,749,0,744,751,750
1741010047338,86876,90208,22,90,94,22,99,0,744,0,744,750,753
----END----
